2013090500, 2013
2013090800, 2013
2013090801, 2013
2013090802, 2013
2013090803, 2013
2013090804, 2013
2013090805, 2013
2013090806, 2013
2013090807, 2013
2013090808, 2013
2013090809, 2013
2013090810, 2013
2013090811, 2013
2013090812, 2013
2013090900, 2013
2013090901, 2013
2013091200, 2013
2013091500, 2013
2013091501, 2013
2013091502, 2013
2013091503, 2013
2013091504, 2013
2013091505, 2013
2013091506, 2013
2013091507, 2013
2013091508, 2013
2013091509, 2013
2013091510, 2013
2013091511, 2013
2013091512, 2013
2013091513, 2013
2013091600, 2013
2013091900, 2013
2013092200, 2013
2013092201, 2013
2013092202, 2013
2013092203, 2013
2013092204, 2013
2013092205, 2013
2013092206, 2013
2013092207, 2013
2013092208, 2013
2013092209, 2013
2013092210, 2013
2013092211, 2013
2013092212, 2013
2013092213, 2013
2013092300, 2013
2013092600, 2013
2013092900, 2013
2013092901, 2013
2013092902, 2013
2013092903, 2013
2013092904, 2013
2013092905, 2013
2013092906, 2013
2013092907, 2013
2013092908, 2013
2013092909, 2013
2013092910, 2013
2013092911, 2013
2013092912, 2013
2013093000, 2013
2013100300, 2013
2013100600, 2013
2013100601, 2013
2013100602, 2013
2013100603, 2013
2013100604, 2013
2013100605, 2013
2013100606, 2013
2013100607, 2013
2013100608, 2013
2013100609, 2013
2013100610, 2013
2013100611, 2013
2013100700, 2013
2013101000, 2013
2013101300, 2013
2013101301, 2013
2013101302, 2013
2013101303, 2013
2013101304, 2013
2013101305, 2013
2013101306, 2013
2013101307, 2013
2013101308, 2013
2013101309, 2013
2013101310, 2013
2013101311, 2013
2013101312, 2013
2013101400, 2013
2013101700, 2013
2013102000, 2013
2013102001, 2013
2013102002, 2013
2013102003, 2013
2013102004, 2013
2013102005, 2013
2013102006, 2013
2013102007, 2013
2013102008, 2013
2013102009, 2013
2013102010, 2013
2013102011, 2013
2013102012, 2013
2013102100, 2013
2013102400, 2013
2013102700, 2013
2013102701, 2013
2013102702, 2013
2013102703, 2013
2013102704, 2013
2013102705, 2013
2013102706, 2013
2013102707, 2013
2013102708, 2013
2013102709, 2013
2013102710, 2013
2013102800, 2013
2013103100, 2013
2013110300, 2013
2013110301, 2013
2013110302, 2013
2013110303, 2013
2013110304, 2013
2013110305, 2013
2013110306, 2013
2013110307, 2013
2013110308, 2013
2013110309, 2013
2013110310, 2013
2013110400, 2013
2013110700, 2013
2013111000, 2013
2013111001, 2013
2013111002, 2013
2013111003, 2013
2013111004, 2013
2013111005, 2013
2013111006, 2013
2013111007, 2013
2013111008, 2013
2013111009, 2013
2013111010, 2013
2013111011, 2013
2013111100, 2013
2013111400, 2013
2013111700, 2013
2013111701, 2013
2013111702, 2013
2013111703, 2013
2013111704, 2013
2013111705, 2013
2013111706, 2013
2013111707, 2013
2013111708, 2013
2013111709, 2013
2013111710, 2013
2013111711, 2013
2013111712, 2013
2013111800, 2013
2013112100, 2013
2013112400, 2013
2013112401, 2013
2013112402, 2013
2013112403, 2013
2013112404, 2013
2013112405, 2013
2013112406, 2013
2013112407, 2013
2013112408, 2013
2013112409, 2013
2013112410, 2013
2013112411, 2013
2013112500, 2013
2013112800, 2013
2013112801, 2013
2013112802, 2013
2013120100, 2013
2013120101, 2013
2013120102, 2013
2013120103, 2013
2013120104, 2013
2013120105, 2013
2013120106, 2013
2013120107, 2013
2013120108, 2013
2013120109, 2013
2013120110, 2013
2013120111, 2013
2013120200, 2013
2013120500, 2013
2013120800, 2013
2013120801, 2013
2013120802, 2013
2013120803, 2013
2013120804, 2013
2013120805, 2013
2013120806, 2013
2013120807, 2013
2013120808, 2013
2013120809, 2013
2013120810, 2013
2013120811, 2013
2013120812, 2013
2013120813, 2013
2013120900, 2013
2013121200, 2013
2013121500, 2013
2013121501, 2013
2013121502, 2013
2013121503, 2013
2013121504, 2013
2013121505, 2013
2013121506, 2013
2013121507, 2013
2013121508, 2013
2013121509, 2013
2013121510, 2013
2013121511, 2013
2013121512, 2013
2013121513, 2013
2013121600, 2013
2013122200, 2013
2013122201, 2013
2013122202, 2013
2013122203, 2013
2013122204, 2013
2013122205, 2013
2013122206, 2013
2013122207, 2013
2013122208, 2013
2013122209, 2013
2013122210, 2013
2013122211, 2013
2013122212, 2013
2013122213, 2013
2013122214, 2013
2013122300, 2013
2013122900, 2013
2013122901, 2013
2013122902, 2013
2013122903, 2013
2013122904, 2013
2013122905, 2013
2013122906, 2013
2013122907, 2013
2013122908, 2013
2013122909, 2013
2013122910, 2013
2013122911, 2013
2013122912, 2013
2013122913, 2013
2013122914, 2013
2013122915, 2013