2014090400, 2014
2014090700, 2014
2014090701, 2014
2014090702, 2014
2014090703, 2014
2014090704, 2014
2014090705, 2014
2014090706, 2014
2014090707, 2014
2014090708, 2014
2014090709, 2014
2014090710, 2014
2014090711, 2014
2014090712, 2014
2014090800, 2014
2014090801, 2014
2014091100, 2014
2014091400, 2014
2014091401, 2014
2014091402, 2014
2014091403, 2014
2014091404, 2014
2014091405, 2014
2014091406, 2014
2014091407, 2014
2014091408, 2014
2014091409, 2014
2014091410, 2014
2014091411, 2014
2014091412, 2014
2014091413, 2014
2014091500, 2014
2014091800, 2014
2014092100, 2014
2014092101, 2014
2014092102, 2014
2014092103, 2014
2014092104, 2014
2014092105, 2014
2014092106, 2014
2014092107, 2014
2014092108, 2014
2014092109, 2014
2014092110, 2014
2014092111, 2014
2014092112, 2014
2014092113, 2014
2014092200, 2014
2014092500, 2014
2014092800, 2014
2014092801, 2014
2014092802, 2014
2014092803, 2014
2014092804, 2014
2014092805, 2014
2014092806, 2014
2014092807, 2014
2014092808, 2014
2014092809, 2014
2014092810, 2014
2014092900, 2014
2014100200, 2014
2014100500, 2014
2014100501, 2014
2014100502, 2014
2014100503, 2014
2014100504, 2014
2014100505, 2014
2014100506, 2014
2014100507, 2014
2014100508, 2014
2014100509, 2014
2014100510, 2014
2014100511, 2014
2014100512, 2014
2014100600, 2014
2014100900, 2014
2014101200, 2014
2014101201, 2014
2014101202, 2014
2014101203, 2014
2014101204, 2014
2014101205, 2014
2014101206, 2014
2014101207, 2014
2014101208, 2014
2014101209, 2014
2014101210, 2014
2014101211, 2014
2014101212, 2014
2014101300, 2014
2014101600, 2014
2014101900, 2014
2014101901, 2014
2014101902, 2014
2014101903, 2014
2014101904, 2014
2014101905, 2014
2014101906, 2014
2014101907, 2014
2014101908, 2014
2014101909, 2014
2014101910, 2014
2014101911, 2014
2014101912, 2014
2014102000, 2014
2014102300, 2014
2014102600, 2014
2014102601, 2014
2014102602, 2014
2014102603, 2014
2014102604, 2014
2014102605, 2014
2014102606, 2014
2014102607, 2014
2014102608, 2014
2014102609, 2014
2014102610, 2014
2014102611, 2014
2014102612, 2014
2014102700, 2014
2014103000, 2014
2014110200, 2014
2014110201, 2014
2014110202, 2014
2014110203, 2014
2014110204, 2014
2014110205, 2014
2014110206, 2014
2014110207, 2014
2014110208, 2014
2014110209, 2014
2014110210, 2014
2014110300, 2014
2014110600, 2014
2014110900, 2014
2014110901, 2014
2014110902, 2014
2014110903, 2014
2014110904, 2014
2014110905, 2014
2014110906, 2014
2014110907, 2014
2014110908, 2014
2014110909, 2014
2014110910, 2014
2014111000, 2014
2014111300, 2014
2014111600, 2014
2014111601, 2014
2014111602, 2014
2014111603, 2014
2014111604, 2014
2014111605, 2014
2014111606, 2014
2014111607, 2014
2014111608, 2014
2014111609, 2014
2014111610, 2014
2014111611, 2014
2014111700, 2014
2014112000, 2014
2014112300, 2014
2014112301, 2014
2014112302, 2014
2014112303, 2014
2014112304, 2014
2014112305, 2014
2014112306, 2014
2014112307, 2014
2014112308, 2014
2014112309, 2014
2014112310, 2014
2014112311, 2014
2014112312, 2014
2014112400, 2014
2014112700, 2014
2014112701, 2014
2014112702, 2014
2014113000, 2014
2014113001, 2014
2014113002, 2014
2014113003, 2014
2014113004, 2014
2014113005, 2014
2014113006, 2014
2014113007, 2014
2014113008, 2014
2014113009, 2014
2014113010, 2014
2014113011, 2014
2014120100, 2014
2014120400, 2014
2014120700, 2014
2014120701, 2014
2014120702, 2014
2014120703, 2014
2014120704, 2014
2014120705, 2014
2014120706, 2014
2014120707, 2014
2014120708, 2014
2014120709, 2014
2014120710, 2014
2014120711, 2014
2014120712, 2014
2014120713, 2014
2014120800, 2014
2014121100, 2014
2014121400, 2014
2014121401, 2014
2014121402, 2014
2014121403, 2014
2014121404, 2014
2014121405, 2014
2014121406, 2014
2014121407, 2014
2014121408, 2014
2014121409, 2014
2014121410, 2014
2014121411, 2014
2014121412, 2014
2014121413, 2014
2014121500, 2014
2014121800, 2014
2014122000, 2014
2014122001, 2014
2014122100, 2014
2014122101, 2014
2014122102, 2014
2014122103, 2014
2014122104, 2014
2014122105, 2014
2014122106, 2014
2014122107, 2014
2014122108, 2014
2014122109, 2014
2014122110, 2014
2014122111, 2014
2014122200, 2014
2014122800, 2014
2014122801, 2014
2014122802, 2014
2014122803, 2014
2014122804, 2014
2014122805, 2014
2014122806, 2014
2014122807, 2014
2014122808, 2014
2014122809, 2014
2014122810, 2014
2014122811, 2014
2014122812, 2014
2014122813, 2014
2014122814, 2014
2014122815, 2014